"userid","name","loc",gender
101,madhu,tpt,
